28
NULL 0 Common 0
Joined 7 0,255,0,255,0,0,0,0,0,0 Latin 1 0 1 Joined	# Joined [4a 6f 69 6e 65 64 ]a
|Broken|0|1 f 0,255,0,255,0,0,0,0,0,0 Common 2 10 2 |Broken|0|1	# Broken
跟 1 0,255,0,255,0,0,0,0,0,0 Han 3 0 3 跟	# 跟 [8ddf ]x
1 8 0,255,0,255,0,0,0,0,0,0 Common 4 2 4 1	# 1 [31 ]0
5 8 0,255,0,255,0,0,0,0,0,0 Common 5 2 5 5	# 5 [35 ]0
0 8 0,255,0,255,0,0,0,0,0,0 Common 6 2 6 0	# 0 [30 ]0
. 10 0,255,0,255,0,0,0,0,0,0 Common 7 6 7 .	# . [2e ]p
8 8 0,255,0,255,0,0,0,0,0,0 Common 8 2 8 8	# 8 [38 ]0
7 8 0,255,0,255,0,0,0,0,0,0 Common 9 2 9 7	# 7 [37 ]0
万 1 0,255,0,255,0,0,0,0,0,0 Han 10 0 10 万	# 万 [4e07 ]x
中 1 0,255,0,255,0,0,0,0,0,0 Han 11 0 11 中	# 中 [4e2d ]x
产 1 0,255,0,255,0,0,0,0,0,0 Han 12 0 12 产	# 产 [4ea7 ]x
阶级 1 0,255,0,255,0,0,0,0,0,0 Han 13 0 13 阶级	# 阶级 [9636 7ea7 ]x
( 10 0,255,0,255,0,0,0,0,0,0 Common 14 10 17 (	# ( [28 ]p
6 8 0,255,0,255,0,0,0,0,0,0 Common 15 2 15 6	# 6 [36 ]0
人 1 0,255,0,255,0,0,0,0,0,0 Han 16 0 16 人	# 人 [4eba ]x
) 10 0,255,0,255,0,0,0,0,0,0 Common 17 10 14 )	# ) [29 ]p
: 10 0,255,0,255,0,0,0,0,0,0 Common 18 6 18 :	# : [3a ]p
/ 10 0,255,0,255,0,0,0,0,0,0 Common 19 6 19 /	# / [2f ]p
底 1 0,255,0,255,0,0,0,0,0,0 Han 20 0 20 底	# 底 [5e95 ]x
池 1 0,255,0,255,0,0,0,0,0,0 Han 21 0 21 池	# 池 [6c60 ]x
2 8 0,255,0,255,0,0,0,0,0,0 Common 22 2 22 2	# 2 [32 ]0
弃 1 0,255,0,255,0,0,0,0,0,0 Han 23 0 23 弃	# 弃 [5f03 ]x
牌 1 0,255,0,255,0,0,0,0,0,0 Han 24 0 24 牌	# 牌 [724c ]x
加 1 0,255,0,255,0,0,0,0,0,0 Han 25 0 25 加	# 加 [52a0 ]x
注 1 0,255,0,255,0,0,0,0,0,0 Han 26 0 26 注	# 注 [6ce8 ]x
让牌 1 0,255,0,255,0,0,0,0,0,0 Han 27 0 27 让牌	# 让牌 [8ba9 724c ]x
